John 2007001 61 170
Alice 2007002 110 190
Bob 2007003 50 166
Mary 2007004 53 184
David 2007005 34 114
Emma 2007006 92 156
James 2007007 72 178
Olivia 2007008 66 172
William 2007009 88 181
Sophia 2007010 59 168
Ethan 2007011 76 176
Mia 2007012 48 150
Benjamin 2007013 83 183
Charlotte 2007014 55 162
Daniel 2007015 69 174
Ava 2007016 97 158
Alexander 2007017 79 179
Harper 2007018 42 146
Samuel 2007019 74 177
Amelia 2007020 51 164
Matthew 2007021 63 171
Evelyn 2007022 104 193
Henry 2007023 57 166
Abigail 2007024 85 180
Joseph 2007025 93 186
Elizabeth 2007026 45 156
Michael 2007027 68 172
Emily 2007028 78 175
Daniel 2007029 52 161
Harper 2007030 89 183
Alexander 2007031 64 169
Ava 2007032 99 158
Benjamin 2007033 73 176
Charlotte 2007034 47 161
Samuel 2007035 67 174
Amelia 2007036 54 167
Matthew 2007037 82 179
Evelyn 2007038 109 190
Henry 2007039 58 165
Abigail 2007040 81 178
Joseph 2007041 95 185
Elizabeth 2007042 41 152
Michael 2007043 71 171
Emily 2007044 80 177
Daniel 2007045 46 159
Harper 2007046 101 194
Alexander 2007047 62 168
Ava 2007048 96 157
Benjamin 2007049 75 173
Charlotte 2007050 56 163
Samuel 2007051 70 175
Amelia 2007052 53 166
Matthew 2007053 86 180
Evelyn 2007054 107 192
Henry 2007055 60 170
Abigail 2007056 91 184
Joseph 2007057 94 186
Elizabeth 2007058 43 153
Michael 2007059 65 172
Emily 2007060 77 176
Daniel 2007061 49 160
Harper 2007062 103 192
Alexander 2007063 61 169
Ava 2007064 100 158
Benjamin 2007065 72 174
Charlotte 2007066 44 160
Samuel 2007067 66 173
Amelia 2007068 52 167
Matthew 2007069 87 179
Evelyn 2007070 108 191
Henry 2007071 59 171
Abigail 2007072 92 183
Joseph 2007073 90 185
Elizabeth 2007074 40 152
Michael 2007075 67 170
Emily 2007076 79 175
Daniel 2007077 51 162
Harper 2007078 98 195
Alexander 2007079 60 168
Ava 2007080 101 157
Benjamin 2007081 71 173
Charlotte 2007082 43 161
Samuel 2007083 65 174
Amelia 2007084 50 166
Matthew 2007085 85 178
Evelyn 2007086 106 191
Henry 2007087 58 170
Abigail 2007088 93 182
Joseph 2007089 89 184
Elizabeth 2007090 39 154
Michael 2007091 66 171
Emily 2007092 76 176
Daniel 2007093 48 161
Harper 2007094 100 194
Alexander 2007095 63 169
Ava 2007096 97 157
Benjamin 2007097 70 172
Charlotte 2007098 42 162
Samuel 2007099 64 173
Amelia 2007100 51 167
Matthew 2007101 84 179
Evelyn 2007102 105 192
Henry 2007103 57 171
Abigail 2007104 90 183
Joseph 2007105 88 185
Elizabeth 2007106 38 155
Michael 2007107 65 170
Emily 2007108 75 175
Daniel 2007109 47 162
Harper 2007110 102 194
Alexander 2007111 62 169
Ava 2007112 95 157
Benjamin 2007113 69 172
Charlotte 2007114 41 161
Samuel 2007115 63 173
Amelia 2007116 49 166
Matthew 2007117 83 178
Evelyn 2007118 104 191
Henry 2007119 56 170
Abigail 2007120 94 182
Joseph 2007121 87 184